1,1.1348985433578491,0.84375
2,2.1002047061920166,0.765625
3,1.3976558446884155,0.78125
4,1.6136943101882935,0.78125
5,3.0395328998565674,0.74375
6,2.1391024589538574,0.7395833333333334
7,2.1187713146209717,0.7366071428571429
8,2.560584545135498,0.7265625
9,2.081624984741211,0.7256944444444444
10,0.4499861001968384,0.746875
11,0.9727878570556641,0.7585227272727273
12,0.9480938911437988,0.7682291666666666
13,0.6839846968650818,0.7788461538461539
14,1.1038259267807007,0.7834821428571429
15,0.8969155550003052,0.7895833333333333
16,1.4325482845306396,0.791015625
17,0.9176977872848511,0.7959558823529411
18,0.46766456961631775,0.8038194444444444
19,1.3825411796569824,0.8042763157894737
20,0.9639246463775635,0.8078125
21,0.4867761433124542,0.8139880952380952
22,0.23468826711177826,0.8210227272727273
23,0.47242552042007446,0.8260869565217391
24,0.672540545463562,0.8294270833333334
25,0.44100984930992126,0.83375
26,0.9529618620872498,0.8353365384615384
27,1.8797723054885864,0.8321759259259259
28,2.1422927379608154,0.828125
29,0.9438470602035522,0.8297413793103449
30,2.314627170562744,0.825
31,1.1776381731033325,0.8256048387096774
32,2.110130786895752,0.822265625
33,1.117891550064087,0.8229166666666666
34,0.4705640375614166,0.8262867647058824
35,5.89400577545166,0.8089285714285714
36,6.758614540100098,0.7890625
37,3.021148204803467,0.7837837837837838
38,1.6466763019561768,0.7837171052631579
39,3.3203957080841064,0.7780448717948718
40,5.808651924133301,0.7640625
41,7.314330101013184,0.7454268292682927
42,7.35516357421875,0.7276785714285714
43,4.593702793121338,0.7194767441860465
44,7.409072399139404,0.703125
45,7.198669910430908,0.6881944444444444
46,7.453723907470703,0.673233695652174
47,6.212057590484619,0.6622340425531915
48,0.0007717534899711609,0.6692708333333334
49,0.000795118510723114,0.6760204081632653
50,0.0008545368909835815,0.6825
51,0.0007728338241577148,0.6887254901960784
52,0.0008260682225227356,0.6947115384615384
53,0.0008481219410896301,0.7004716981132075
54,0.0007706446922384202,0.7043073341094296
Test Loss:   2.2,  Test Acc: 70.43%
Precision, Recall and F1-Score...
              precision    recall  f1-score   support

         yes     0.8262    0.8251    0.8257      1458
          no     0.0267    0.0269    0.0268       260

    accuracy                         0.7043      1718
   macro avg     0.4265    0.4260    0.4262      1718
weighted avg     0.7052    0.7043    0.7048      1718

Confusion Matrix...
[[1203  255]
 [ 253    7]]
Time usage: 0:00:03

